********************************************************************************
STREME - Sensitive, Thorough, Rapid, Enriched Motif Elicitation
********************************************************************************
MEME version 5.4.1 (Release date: Sat Aug 21 19:23:23 2021 -0700)

For further information on how to interpret these results please access https://meme-suite.org/meme.
To get a copy of the MEME Suite software please access https://meme-suite.org.

********************************************************************************


********************************************************************************
REFERENCE
********************************************************************************
If you use this program in your research, please cite:

Timothy L. Bailey,
"STREME: accurate and versatile sequence motif discovery",
Bioinformatics, Mar. 24, 2021.
********************************************************************************


ALPHABET= ACDEFGHIKLMNPQRSTVWY

strands: +

Background letter frequencies
A 0.0695 C 0.0236 D 0.0463 E 0.0713 F 0.0373 G 0.0638 H 0.028 I 0.0419 K 0.0576 L 0.1 M 0.0209 N 0.0355 P 0.064 Q 0.0478 R 0.058 S 0.0841 T 0.0521 V 0.0581 W 0.0127 Y 0.027 

MOTIF 1-ASFJDKVRFLE STREME-1
letter-probability matrix: alength= 20 w= 11 nsites= 68 E= 7.3e-002
 0.913078 0.000055 0.000108 0.000166 0.000087 0.000148 0.000065 0.050951 0.017085 0.000234 0.000049 0.000083 0.017100 0.000111 0.000135 0.000196 0.000121 0.000135 0.000029 0.000063
 0.084918 0.000055 0.000108 0.000166 0.000087 0.034051 0.000065 0.000097 0.000134 0.017185 0.000049 0.101790 0.000149 0.000111 0.000135 0.709697 0.000121 0.050989 0.000029 0.000063
 0.000162 0.000055 0.000108 0.000166 0.491675 0.000148 0.000065 0.000097 0.000134 0.034136 0.000049 0.000083 0.000149 0.000111 0.000135 0.000196 0.000121 0.000135 0.000029 0.472246
 0.000162 0.000055 0.000108 0.034069 0.000087 0.000148 0.000065 0.627296 0.000134 0.319855 0.000049 0.000083 0.000149 0.000111 0.000135 0.017147 0.000121 0.000135 0.000029 0.000063
 0.000162 0.000055 0.661209 0.251982 0.000087 0.034051 0.000065 0.034000 0.000134 0.000234 0.000049 0.000083 0.000149 0.000111 0.000135 0.000196 0.017073 0.000135 0.000029 0.000063
 0.000162 0.000055 0.000108 0.000166 0.000087 0.000148 0.017016 0.000097 0.828294 0.000234 0.000049 0.033985 0.000149 0.000111 0.101843 0.000196 0.000121 0.017086 0.000029 0.000063
 0.000162 0.000055 0.000108 0.000166 0.000087 0.000148 0.000065 0.000097 0.000134 0.000234 0.000049 0.000083 0.000149 0.000111 0.067940 0.000196 0.000121 0.930003 0.000029 0.000063
 0.000162 0.000055 0.000108 0.000166 0.000087 0.000148 0.067870 0.000097 0.000134 0.000234 0.000049 0.000083 0.034052 0.050965 0.794392 0.000196 0.050975 0.000135 0.000029 0.000063
 0.227777 0.000055 0.000108 0.017117 0.508626 0.000148 0.000065 0.000097 0.000134 0.000234 0.000049 0.000083 0.000149 0.109068 0.000135 0.068001 0.050975 0.000135 0.000029 0.017014
 0.000162 0.000055 0.000108 0.000166 0.000087 0.000148 0.000065 0.000097 0.000134 0.997907 0.000049 0.000083 0.000149 0.000111 0.000135 0.000196 0.000121 0.000135 0.000029 0.000063
 0.000162 0.000055 0.000108 0.946985 0.000087 0.034051 0.000065 0.000097 0.000134 0.000234 0.000049 0.000083 0.017100 0.000111 0.000135 0.000196 0.000121 0.000135 0.000029 0.000063

MOTIF 2-HRDLAARNILVN STREME-2
letter-probability matrix: alength= 20 w= 12 nsites= 59 E= 7.4e-002
 0.000188 0.000064 0.000125 0.000193 0.000101 0.000172 0.997372 0.000113 0.000156 0.000271 0.000057 0.000096 0.000173 0.000129 0.000157 0.000227 0.000141 0.000157 0.000034 0.000073
 0.000188 0.000064 0.000125 0.000193 0.000101 0.000172 0.000076 0.000113 0.059246 0.000271 0.000057 0.000096 0.000173 0.000129 0.938362 0.000227 0.000141 0.000157 0.000034 0.000073
 0.000188 0.000064 0.977725 0.000193 0.000101 0.000172 0.000076 0.000113 0.000156 0.000271 0.000057 0.019793 0.000173 0.000129 0.000157 0.000227 0.000141 0.000157 0.000034 0.000073
 0.000188 0.000064 0.000125 0.000193 0.000101 0.000172 0.000076 0.098597 0.000156 0.839993 0.019754 0.000096 0.000173 0.000129 0.000157 0.000227 0.000141 0.039551 0.000034 0.000073
 0.662638 0.000064 0.000125 0.000193 0.000101 0.000172 0.000076 0.000113 0.177428 0.000271 0.000057 0.000096 0.000173 0.000129 0.157732 0.000227 0.000141 0.000157 0.000034 0.000073
 0.934363 0.000064 0.000125 0.000193 0.000101 0.000172 0.000076 0.000113 0.000156 0.000271 0.000057 0.000096 0.000173 0.000129 0.000157 0.019924 0.043565 0.000157 0.000034 0.000073
 0.236550 0.000064 0.000125 0.000193 0.000101 0.098657 0.000076 0.000113 0.000156 0.000271 0.000057 0.000096 0.000173 0.000129 0.662606 0.000227 0.000141 0.000157 0.000034 0.000073
 0.000188 0.000064 0.000125 0.000193 0.000101 0.000172 0.000076 0.000113 0.000156 0.000271 0.000057 0.997392 0.000173 0.000129 0.000157 0.000227 0.000141 0.000157 0.000034 0.000073
 0.000188 0.181366 0.000125 0.000193 0.000101 0.000172 0.000076 0.461564 0.000156 0.000271 0.000057 0.000096 0.000173 0.000129 0.000157 0.000227 0.000141 0.354701 0.000034 0.000073
 0.000188 0.000064 0.000125 0.000193 0.000101 0.000172 0.000076 0.000113 0.000156 0.879386 0.118238 0.000096 0.000173 0.000129 0.000157 0.000227 0.000141 0.000157 0.000034 0.000073
 0.000188 0.000064 0.000125 0.000193 0.000101 0.000172 0.000076 0.059204 0.000156 0.284450 0.019754 0.000096 0.000173 0.000129 0.000157 0.000227 0.000141 0.634487 0.000034 0.000073
 0.039582 0.000064 0.078913 0.039587 0.000101 0.142081 0.000076 0.000113 0.078943 0.000271 0.000057 0.236458 0.000173 0.000129 0.019854 0.205619 0.098625 0.039551 0.000034 0.019770

MOTIF 3-DLDSIJAEVRAQYE STREME-3
letter-probability matrix: alength= 20 w= 14 nsites= 62 E= 7.4e-002
 0.000176 0.000060 0.775923 0.037124 0.000095 0.000162 0.000071 0.000106 0.000146 0.018726 0.000053 0.166334 0.000162 0.000121 0.000147 0.000213 0.000132 0.000147 0.000032 0.000068
 0.000176 0.000060 0.000117 0.000181 0.055509 0.000162 0.000071 0.000106 0.000146 0.831475 0.092411 0.000090 0.000162 0.000121 0.000147 0.000213 0.000132 0.018619 0.000032 0.000068
 0.037119 0.000060 0.424963 0.000181 0.000095 0.037105 0.000071 0.000106 0.000146 0.000255 0.000053 0.073976 0.000162 0.000121 0.000147 0.129514 0.295677 0.000147 0.000032 0.000068
 0.092534 0.073946 0.000117 0.000181 0.000095 0.055576 0.000071 0.000106 0.147919 0.000255 0.000053 0.000090 0.000162 0.037064 0.203334 0.332701 0.000132 0.055562 0.000032 0.000068
 0.129477 0.000060 0.000117 0.000181 0.000095 0.000162 0.000071 0.554253 0.000146 0.111084 0.000053 0.000090 0.000162 0.000121 0.000147 0.000213 0.018604 0.184863 0.000032 0.000068
 0.000176 0.000060 0.000117 0.000181 0.000095 0.000162 0.000071 0.406481 0.000146 0.517458 0.036996 0.000090 0.000162 0.000121 0.000147 0.000213 0.000132 0.037090 0.000032 0.000068
 0.461965 0.000060 0.037061 0.055596 0.000095 0.018633 0.000071 0.000106 0.037089 0.000255 0.000053 0.221749 0.000162 0.000121 0.092505 0.037156 0.037075 0.000147 0.000032 0.000068
 0.000176 0.000060 0.203305 0.739043 0.000095 0.000162 0.000071 0.000106 0.000146 0.000255 0.000053 0.055505 0.000162 0.000121 0.000147 0.000213 0.000132 0.000147 0.000032 0.000068
 0.000176 0.000060 0.000117 0.000181 0.000095 0.000162 0.000071 0.240236 0.000146 0.000255 0.314070 0.000090 0.000162 0.000121 0.000147 0.000213 0.018604 0.388050 0.036975 0.000068
 0.000176 0.000060 0.000117 0.000181 0.000095 0.000162 0.000071 0.000106 0.351106 0.000255 0.000053 0.000090 0.000162 0.000121 0.646652 0.000213 0.000132 0.000147 0.000032 0.000068
 0.628209 0.055475 0.055532 0.055596 0.000095 0.000162 0.000071 0.000106 0.000146 0.000255 0.018525 0.000090 0.000162 0.092479 0.000147 0.055628 0.037075 0.000147 0.000032 0.000068
 0.000176 0.000060 0.018589 0.055596 0.000095 0.000162 0.018543 0.000106 0.055561 0.000255 0.000053 0.018561 0.000162 0.812870 0.018619 0.000213 0.000132 0.000147 0.000032 0.000068
 0.000176 0.018531 0.000117 0.000181 0.000095 0.000162 0.000071 0.000106 0.018618 0.037198 0.000053 0.000090 0.000162 0.000121 0.000147 0.000213 0.000132 0.000147 0.000032 0.923647
 0.000176 0.000060 0.129418 0.849873 0.000095 0.018633 0.000071 0.000106 0.000146 0.000255 0.000053 0.000090 0.000162 0.000121 0.000147 0.000213 0.000132 0.000147 0.000032 0.000068

MOTIF 4-LDIEIATYRKLLEGEE STREME-4
letter-probability matrix: alength= 20 w= 16 nsites= 68 E= 1.5e-001
 0.000155 0.000053 0.000103 0.016402 0.000083 0.000142 0.000062 0.000093 0.000128 0.916779 0.000047 0.000079 0.000143 0.000107 0.016372 0.000188 0.016359 0.016373 0.000028 0.016303
 0.000155 0.000053 0.617338 0.331965 0.000083 0.000142 0.000062 0.000093 0.016371 0.016467 0.000047 0.000079 0.000143 0.000107 0.000129 0.016431 0.000116 0.000130 0.000028 0.000060
 0.016398 0.006999 0.000103 0.016402 0.000083 0.048871 0.000062 0.276225 0.065101 0.032710 0.081262 0.032565 0.000143 0.146294 0.000129 0.000188 0.000116 0.260018 0.000028 0.016303
 0.000155 0.000053 0.000103 0.965443 0.000083 0.000142 0.000062 0.000093 0.000128 0.000224 0.000047 0.016322 0.000143 0.000107 0.016372 0.000188 0.000116 0.000130 0.000028 0.000060
 0.000155 0.000053 0.016346 0.000159 0.000083 0.000142 0.000062 0.916649 0.016371 0.000224 0.000047 0.000079 0.000143 0.000107 0.016372 0.032674 0.000116 0.000130 0.000028 0.000060
 0.731091 0.000053 0.016346 0.065131 0.000083 0.000142 0.016305 0.000093 0.016371 0.000224 0.000047 0.039511 0.000143 0.032593 0.000129 0.032674 0.000116 0.016373 0.000028 0.032546
 0.097613 0.000053 0.000103 0.016402 0.000083 0.000142 0.000062 0.016336 0.032614 0.000224 0.000047 0.000079 0.000143 0.016350 0.000129 0.000188 0.819213 0.000130 0.000028 0.000060
 0.000155 0.000053 0.000103 0.000159 0.000083 0.000142 0.000062 0.016336 0.000128 0.032710 0.000047 0.000079 0.000143 0.000107 0.016372 0.000188 0.016359 0.000130 0.016271 0.900372
 0.000155 0.032539 0.000103 0.000159 0.000083 0.000142 0.032548 0.000093 0.000128 0.016467 0.000047 0.000079 0.000143 0.000107 0.900441 0.000188 0.000116 0.000130 0.016271 0.000060
 0.000155 0.000053 0.000103 0.048888 0.000083 0.016385 0.032548 0.000093 0.471176 0.032710 0.000047 0.048808 0.000143 0.000107 0.211289 0.104592 0.016359 0.000130 0.000028 0.016303
 0.000155 0.000053 0.000103 0.016402 0.000083 0.016385 0.000062 0.000093 0.016371 0.933022 0.000047 0.016322 0.000143 0.000107 0.000129 0.000188 0.000116 0.000130 0.000028 0.000060
 0.000155 0.000053 0.016346 0.032645 0.000083 0.000142 0.000062 0.016336 0.032614 0.868050 0.000047 0.000079 0.000143 0.000107 0.000129 0.000188 0.016359 0.016373 0.000028 0.000060
 0.000155 0.000053 0.081318 0.835499 0.000083 0.000142 0.000062 0.000093 0.016371 0.000224 0.000047 0.000079 0.016386 0.000107 0.000129 0.016431 0.016359 0.000130 0.000028 0.016303
 0.016398 0.000053 0.032589 0.016402 0.000083 0.763564 0.000062 0.000093 0.032614 0.016467 0.000047 0.016322 0.000143 0.000107 0.000129 0.104592 0.000116 0.000130 0.000028 0.000060
 0.000155 0.000053 0.000103 0.851742 0.000083 0.032628 0.000062 0.000093 0.016371 0.000224 0.000047 0.000079 0.000143 0.048836 0.000129 0.016431 0.016359 0.016373 0.000028 0.000060
 0.016398 0.000053 0.185722 0.731095 0.000083 0.032628 0.000062 0.000093 0.000128 0.000224 0.000047 0.000079 0.000143 0.016350 0.000129 0.000188 0.000116 0.000130 0.000028 0.016303

MOTIF 5-GEPGLPGAVGQNGIPGPKG STREME-5
letter-probability matrix: alength= 20 w= 19 nsites= 40 E= 3.0e-001
 0.006321 0.002148 0.004209 0.006484 0.003394 0.914889 0.002545 0.003805 0.005237 0.009127 0.001905 0.003224 0.005822 0.004344 0.005272 0.007647 0.004738 0.005282 0.001151 0.002454
 0.006321 0.002148 0.004209 0.915575 0.003394 0.005798 0.002545 0.003805 0.005237 0.009127 0.001905 0.003224 0.005822 0.004344 0.005272 0.007647 0.004738 0.005282 0.001151 0.002454
 0.006321 0.002148 0.004209 0.006484 0.003394 0.005798 0.002545 0.003805 0.005237 0.009127 0.001905 0.003224 0.914913 0.004344 0.005272 0.007647 0.004738 0.005282 0.001151 0.002454
 0.006321 0.002148 0.004209 0.006484 0.003394 0.914889 0.002545 0.003805 0.005237 0.009127 0.001905 0.003224 0.005822 0.004344 0.005272 0.007647 0.004738 0.005282 0.001151 0.002454
 0.006321 0.002148 0.004209 0.006484 0.003394 0.005798 0.002545 0.003805 0.005237 0.918218 0.001905 0.003224 0.005822 0.004344 0.005272 0.007647 0.004738 0.005282 0.001151 0.002454
 0.006321 0.002148 0.004209 0.006484 0.003394 0.005798 0.002545 0.003805 0.005237 0.009127 0.001905 0.003224 0.914913 0.004344 0.005272 0.007647 0.004738 0.005282 0.001151 0.002454
 0.006321 0.002148 0.004209 0.006484 0.003394 0.914889 0.002545 0.003805 0.005237 0.009127 0.001905 0.003224 0.005822 0.004344 0.005272 0.007647 0.004738 0.005282 0.001151 0.002454
 0.915412 0.002148 0.004209 0.006484 0.003394 0.005798 0.002545 0.003805 0.005237 0.009127 0.001905 0.003224 0.005822 0.004344 0.005272 0.007647 0.004738 0.005282 0.001151 0.002454
 0.006321 0.002148 0.004209 0.006484 0.003394 0.005798 0.002545 0.003805 0.005237 0.009127 0.001905 0.003224 0.005822 0.004344 0.005272 0.007647 0.004738 0.914373 0.001151 0.002454
 0.006321 0.002148 0.004209 0.006484 0.003394 0.914889 0.002545 0.003805 0.005237 0.009127 0.001905 0.003224 0.005822 0.004344 0.005272 0.007647 0.004738 0.005282 0.001151 0.002454
 0.006321 0.002148 0.004209 0.006484 0.003394 0.005798 0.002545 0.003805 0.005237 0.009127 0.001905 0.003224 0.005822 0.913435 0.005272 0.007647 0.004738 0.005282 0.001151 0.002454
 0.006321 0.002148 0.004209 0.006484 0.003394 0.005798 0.002545 0.003805 0.005237 0.009127 0.001905 0.912315 0.005822 0.004344 0.005272 0.007647 0.004738 0.005282 0.001151 0.002454
 0.006321 0.002148 0.004209 0.006484 0.003394 0.914889 0.002545 0.003805 0.005237 0.009127 0.001905 0.003224 0.005822 0.004344 0.005272 0.007647 0.004738 0.005282 0.001151 0.002454
 0.006321 0.002148 0.004209 0.006484 0.003394 0.005798 0.002545 0.912896 0.005237 0.009127 0.001905 0.003224 0.005822 0.004344 0.005272 0.007647 0.004738 0.005282 0.001151 0.002454
 0.006321 0.002148 0.004209 0.006484 0.003394 0.005798 0.002545 0.003805 0.005237 0.009127 0.001905 0.003224 0.914913 0.004344 0.005272 0.007647 0.004738 0.005282 0.001151 0.002454
 0.006321 0.002148 0.004209 0.006484 0.003394 0.914889 0.002545 0.003805 0.005237 0.009127 0.001905 0.003224 0.005822 0.004344 0.005272 0.007647 0.004738 0.005282 0.001151 0.002454
 0.006321 0.002148 0.004209 0.006484 0.003394 0.005798 0.002545 0.003805 0.005237 0.009127 0.001905 0.003224 0.914913 0.004344 0.005272 0.007647 0.004738 0.005282 0.001151 0.002454
 0.006321 0.002148 0.004209 0.006484 0.003394 0.005798 0.002545 0.003805 0.914328 0.009127 0.001905 0.003224 0.005822 0.004344 0.005272 0.007647 0.004738 0.005282 0.001151 0.002454
 0.006321 0.002148 0.004209 0.006484 0.003394 0.914889 0.002545 0.003805 0.005237 0.009127 0.001905 0.003224 0.005822 0.004344 0.005272 0.007647 0.004738 0.005282 0.001151 0.002454

MOTIF 6-GPSGVGKT STREME-6
letter-probability matrix: alength= 20 w= 8 nsites= 193 E= 3.7e-001
 0.068954 0.000022 0.000044 0.000067 0.000035 0.930232 0.000026 0.000039 0.000054 0.000094 0.000020 0.000033 0.000060 0.000045 0.000054 0.000079 0.000049 0.000055 0.000012 0.000025
 0.006912 0.000022 0.209604 0.228678 0.000035 0.000060 0.000026 0.000039 0.006901 0.056267 0.013713 0.040121 0.238367 0.126888 0.000054 0.064625 0.000049 0.007600 0.000012 0.000025
 0.042420 0.000022 0.020583 0.000067 0.000035 0.130144 0.000026 0.000039 0.000054 0.013787 0.000020 0.038861 0.151023 0.006891 0.000054 0.327305 0.261728 0.000055 0.000012 0.006872
 0.091998 0.000022 0.000044 0.000067 0.000035 0.856335 0.000026 0.000039 0.000054 0.000094 0.000020 0.002961 0.000060 0.000045 0.000054 0.048005 0.000049 0.000055 0.000012 0.000025
 0.192751 0.069759 0.000044 0.000067 0.000035 0.006906 0.000026 0.020579 0.000054 0.000094 0.000020 0.006880 0.000060 0.006891 0.000054 0.202509 0.177822 0.315411 0.000012 0.000025
 0.000065 0.000022 0.000044 0.000067 0.000035 0.999120 0.000026 0.000039 0.000054 0.000094 0.000020 0.000033 0.000060 0.000045 0.000054 0.000079 0.000049 0.000055 0.000012 0.000025
 0.000065 0.000022 0.000044 0.000067 0.000035 0.000060 0.000026 0.000039 0.999114 0.000094 0.000020 0.000033 0.000060 0.000045 0.000054 0.000079 0.000049 0.000055 0.000012 0.000025
 0.000065 0.000022 0.000044 0.000067 0.000035 0.000060 0.000026 0.000039 0.000054 0.000094 0.000020 0.000033 0.000060 0.000045 0.000054 0.263702 0.735487 0.000055 0.000012 0.000025

MOTIF 7-REQIKRL STREME-7
letter-probability matrix: alength= 20 w= 7 nsites= 76 E= 5.7e-001
 0.000125 0.013177 0.039486 0.039531 0.000067 0.039518 0.000050 0.000075 0.131446 0.000181 0.000038 0.000064 0.000115 0.052623 0.617411 0.065823 0.000094 0.000105 0.000023 0.000049
 0.000125 0.000043 0.039486 0.814447 0.000067 0.000115 0.000050 0.000075 0.000104 0.013315 0.026306 0.000064 0.026384 0.026355 0.039507 0.013286 0.000094 0.000105 0.000023 0.000049
 0.000125 0.000043 0.000083 0.000129 0.026336 0.000115 0.000050 0.000075 0.000104 0.000181 0.000038 0.000064 0.000115 0.945747 0.000105 0.000152 0.000094 0.026373 0.000023 0.000049
 0.000125 0.000043 0.000083 0.000129 0.000067 0.000115 0.000050 0.985138 0.000104 0.000181 0.000038 0.000064 0.000115 0.000086 0.013239 0.000152 0.000094 0.000105 0.000023 0.000049
 0.118333 0.013177 0.000083 0.000129 0.000067 0.000115 0.026319 0.052612 0.578007 0.131523 0.000038 0.000064 0.000115 0.013220 0.013239 0.000152 0.039496 0.013239 0.000023 0.000049
 0.039528 0.000043 0.000083 0.052665 0.013201 0.000115 0.000050 0.000075 0.052641 0.026449 0.000038 0.000064 0.000115 0.000086 0.486069 0.065823 0.210241 0.052641 0.000023 0.000049
 0.039528 0.026311 0.000083 0.026397 0.039470 0.013249 0.000050 0.000075 0.000104 0.446743 0.000038 0.026332 0.000115 0.000086 0.000105 0.000152 0.000094 0.354727 0.000023 0.026317

MOTIF 8-CPPGMF STREME-8
letter-probability matrix: alength= 20 w= 6 nsites= 231 E= 2.0e+000
 0.000054 0.782114 0.000036 0.000056 0.000029 0.065108 0.000022 0.000033 0.000045 0.000078 0.000016 0.005721 0.073236 0.000037 0.000045 0.000066 0.042327 0.025252 0.005703 0.000021
 0.028520 0.000018 0.000036 0.000056 0.000029 0.000050 0.005715 0.000033 0.002479 0.000078 0.000016 0.005721 0.865894 0.017117 0.039897 0.017145 0.011427 0.000045 0.005703 0.000021
 0.026062 0.000018 0.022808 0.000056 0.005722 0.028515 0.005715 0.005726 0.005738 0.011465 0.000016 0.005721 0.842320 0.000037 0.011431 0.005759 0.000041 0.011432 0.000010 0.011407
 0.005747 0.005712 0.000036 0.005749 0.000029 0.913872 0.000022 0.000033 0.011431 0.000078 0.028482 0.000028 0.017129 0.000037 0.011431 0.000066 0.000041 0.000045 0.000010 0.000021
 0.039906 0.005712 0.005729 0.017135 0.078896 0.110653 0.042308 0.022805 0.025252 0.005772 0.326132 0.000028 0.008178 0.000037 0.045590 0.070000 0.048456 0.011432 0.017089 0.118893
 0.022827 0.005712 0.008164 0.036649 0.332615 0.074060 0.013842 0.084746 0.000045 0.033079 0.017096 0.017107 0.066719 0.034196 0.059410 0.040729 0.053713 0.065104 0.005703 0.028486

MOTIF 9-KKDVDEA STREME-9
letter-probability matrix: alength= 20 w= 7 nsites= 115 E= 2.1e+000
 0.000093 0.162611 0.000062 0.009814 0.000050 0.019523 0.000037 0.000056 0.670938 0.000134 0.000028 0.009766 0.000085 0.000064 0.029235 0.000112 0.058384 0.000078 0.038893 0.000036
 0.024512 0.077784 0.000062 0.166027 0.019488 0.000085 0.000037 0.000056 0.691762 0.000134 0.000028 0.000047 0.019524 0.000064 0.000077 0.000112 0.000070 0.000078 0.000017 0.000036
 0.000093 0.000032 0.989009 0.009814 0.000050 0.000085 0.000037 0.000056 0.000077 0.000134 0.000028 0.000047 0.000085 0.000064 0.000077 0.000112 0.000070 0.000078 0.000017 0.000036
 0.019531 0.000032 0.009781 0.019533 0.000050 0.000085 0.000037 0.127867 0.087791 0.029291 0.000028 0.000047 0.029243 0.009783 0.000077 0.000112 0.000070 0.656870 0.009736 0.000036
 0.000093 0.000032 0.959851 0.009814 0.000050 0.000085 0.000037 0.000056 0.000077 0.000134 0.019466 0.000047 0.000085 0.000064 0.000077 0.000112 0.000070 0.000078 0.000017 0.009755
 0.213913 0.038908 0.145849 0.250147 0.009769 0.019523 0.000037 0.097247 0.155825 0.009853 0.000028 0.009766 0.000085 0.000064 0.048673 0.000112 0.000070 0.000078 0.000017 0.000036
 0.418015 0.182049 0.097253 0.000095 0.000050 0.009804 0.029195 0.048651 0.019757 0.068168 0.000028 0.009766 0.000085 0.000064 0.087549 0.000112 0.000070 0.019516 0.000017 0.009755

********************************************************************************
Stopped because STREME would probably exceed the allowed time (14400.00 secs) before
finding the next motif.
********************************************************************************
COMMAND:	streme --verbosity 1 --oc . --protein --totallength 4000000 --time 14400 --minw 3 --maxw 20 --thresh 0.05 --align center --dfile description --p EXO_positive.FASTA --n EXO_negative.FASTA
********************************************************************************
CPU:		noble-meme.grid.gs.washington.edu
********************************************************************************
FINALTIME:	13680.71 seconds
********************************************************************************
