********************************************************************************
STREME - Sensitive, Thorough, Rapid, Enriched Motif Elicitation
********************************************************************************
MEME version 5.4.1 (Release date: Sat Aug 21 19:23:23 2021 -0700)

For further information on how to interpret these results please access https://meme-suite.org/meme.
To get a copy of the MEME Suite software please access https://meme-suite.org.

********************************************************************************


********************************************************************************
REFERENCE
********************************************************************************
If you use this program in your research, please cite:

Timothy L. Bailey,
"STREME: accurate and versatile sequence motif discovery",
Bioinformatics, Mar. 24, 2021.
********************************************************************************


ALPHABET= ACDEFGHIKLMNPQRSTVWY

strands: +

Background letter frequencies
A 0.0701 C 0.0246 D 0.0452 E 0.0699 F 0.0375 G 0.0646 H 0.0288 I 0.0412 K 0.0561 L 0.1 M 0.0208 N 0.0351 P 0.0656 Q 0.0479 R 0.0578 S 0.0847 T 0.0525 V 0.0576 W 0.0128 Y 0.027 

MOTIF 1-INQT STREME-1
letter-probability matrix: alength= 20 w= 4 nsites= 241 E= 1.4e-001
 0.000181 0.000064 0.000117 0.000180 0.000097 0.000167 0.000074 0.997525 0.000145 0.000258 0.000054 0.000091 0.000169 0.000124 0.000149 0.000219 0.000135 0.000149 0.000033 0.000070
 0.000181 0.000064 0.000117 0.000180 0.000097 0.000167 0.000074 0.000106 0.000145 0.000258 0.000054 0.997509 0.000169 0.000124 0.000149 0.000219 0.000135 0.000149 0.000033 0.000070
 0.000181 0.000064 0.000117 0.000180 0.000097 0.000167 0.000074 0.000106 0.000145 0.000258 0.000054 0.000091 0.000169 0.997543 0.000149 0.000219 0.000135 0.000149 0.000033 0.000070
 0.057819 0.025308 0.032060 0.000180 0.000097 0.123507 0.033914 0.000106 0.069573 0.115826 0.059881 0.060352 0.000169 0.091272 0.042893 0.000219 0.210316 0.000149 0.050522 0.025836

MOTIF 2-DID STREME-2
letter-probability matrix: alength= 20 w= 3 nsites= 547 E= 1.8e-001
 0.006372 0.002236 0.913204 0.006357 0.003408 0.005872 0.002622 0.003741 0.005097 0.009100 0.001889 0.003190 0.005968 0.004358 0.005256 0.007703 0.004770 0.005239 0.001164 0.002453
 0.006372 0.002236 0.004113 0.006357 0.003408 0.005872 0.002622 0.912832 0.005097 0.009100 0.001889 0.003190 0.005968 0.004358 0.005256 0.007703 0.004770 0.005239 0.001164 0.002453
 0.006372 0.002236 0.913204 0.006357 0.003408 0.005872 0.002622 0.003741 0.005097 0.009100 0.001889 0.003190 0.005968 0.004358 0.005256 0.007703 0.004770 0.005239 0.001164 0.002453

MOTIF 3-KKD STREME-3
letter-probability matrix: alength= 20 w= 3 nsites= 792 E= 1.8e-001
 0.006372 0.002236 0.004113 0.006357 0.003408 0.005872 0.002622 0.003741 0.914188 0.009100 0.001889 0.003190 0.005968 0.004358 0.005256 0.007703 0.004770 0.005239 0.001164 0.002453
 0.006372 0.002236 0.004113 0.006357 0.003408 0.005872 0.002622 0.003741 0.914188 0.009100 0.001889 0.003190 0.005968 0.004358 0.005256 0.007703 0.004770 0.005239 0.001164 0.002453
 0.006372 0.002236 0.913204 0.006357 0.003408 0.005872 0.002622 0.003741 0.005097 0.009100 0.001889 0.003190 0.005968 0.004358 0.005256 0.007703 0.004770 0.005239 0.001164 0.002453

MOTIF 4-SDVWSFGVLLWELFTG STREME-4
letter-probability matrix: alength= 20 w= 16 nsites= 78 E= 1.9e-001
 0.104373 0.044715 0.000138 0.000213 0.000114 0.000197 0.000088 0.000125 0.000171 0.000305 0.000063 0.000107 0.000200 0.000146 0.000176 0.729376 0.000160 0.119215 0.000039 0.000082
 0.000213 0.000075 0.982215 0.015093 0.000114 0.000197 0.000088 0.000125 0.000171 0.000305 0.000063 0.000107 0.000200 0.000146 0.000176 0.000258 0.000160 0.000175 0.000039 0.000082
 0.015093 0.000075 0.000138 0.000213 0.000114 0.000197 0.000088 0.089405 0.000171 0.000305 0.029823 0.000107 0.000200 0.000146 0.000176 0.000258 0.015040 0.654893 0.178598 0.014962
 0.000213 0.000075 0.000138 0.000213 0.000114 0.000197 0.000088 0.000125 0.000171 0.000305 0.000063 0.000107 0.000200 0.000146 0.000176 0.000258 0.000160 0.000175 0.952356 0.044722
 0.089493 0.000075 0.000138 0.000213 0.000114 0.000197 0.000088 0.000125 0.000171 0.000305 0.044703 0.000107 0.000200 0.000146 0.000176 0.863295 0.000160 0.000175 0.000039 0.000082
 0.000213 0.000075 0.000138 0.000213 0.520913 0.000197 0.000088 0.000125 0.000171 0.193744 0.000063 0.000107 0.000200 0.000146 0.000176 0.000258 0.000160 0.000175 0.000039 0.282801
 0.015093 0.000075 0.000138 0.000213 0.000114 0.982274 0.000088 0.000125 0.000171 0.000305 0.000063 0.000107 0.000200 0.000146 0.000176 0.000258 0.000160 0.000175 0.000039 0.000082
 0.000213 0.014955 0.000138 0.000213 0.000114 0.000197 0.000088 0.446524 0.000171 0.000305 0.000063 0.000107 0.000200 0.000146 0.000176 0.000258 0.000160 0.535854 0.000039 0.000082
 0.000213 0.029835 0.000138 0.000213 0.014994 0.000197 0.000088 0.074525 0.000171 0.476463 0.000063 0.000107 0.000200 0.000146 0.000176 0.000258 0.148959 0.253135 0.000039 0.000082
 0.029973 0.000075 0.000138 0.000213 0.000114 0.000197 0.000088 0.029885 0.000171 0.491343 0.401822 0.000107 0.000200 0.015026 0.000176 0.000258 0.000160 0.029935 0.000039 0.000082
 0.000213 0.000075 0.000138 0.000213 0.104274 0.000197 0.014968 0.059645 0.000171 0.000305 0.029823 0.000107 0.000200 0.000146 0.000176 0.000258 0.059679 0.000175 0.550597 0.178642
 0.000213 0.000075 0.000138 0.982290 0.000114 0.000197 0.000088 0.000125 0.000171 0.000305 0.000063 0.000107 0.000200 0.000146 0.000176 0.000258 0.015040 0.000175 0.000039 0.000082
 0.015093 0.000075 0.000138 0.000213 0.000114 0.000197 0.000088 0.253084 0.000171 0.283024 0.208383 0.000107 0.000200 0.000146 0.000176 0.000258 0.015040 0.223375 0.000039 0.000082
 0.119253 0.014955 0.000138 0.000213 0.267953 0.000197 0.000088 0.015005 0.000171 0.253264 0.208383 0.000107 0.000200 0.000146 0.000176 0.000258 0.015040 0.104335 0.000039 0.000082
 0.104373 0.000075 0.000138 0.000213 0.000114 0.000197 0.000088 0.074525 0.000171 0.000305 0.014943 0.000107 0.000200 0.000146 0.000176 0.342497 0.446558 0.015055 0.000039 0.000082
 0.000213 0.000075 0.000138 0.029973 0.119154 0.312676 0.029848 0.000125 0.044810 0.253264 0.000063 0.000107 0.000200 0.000146 0.015056 0.000258 0.000160 0.000175 0.000039 0.193522

MOTIF 5-GTGKTT STREME-5
letter-probability matrix: alength= 20 w= 6 nsites= 291 E= 1.9e-001
 0.000068 0.000024 0.014236 0.000068 0.000036 0.895019 0.000028 0.004771 0.004785 0.009558 0.000020 0.014226 0.000064 0.000046 0.009517 0.033197 0.000051 0.000056 0.000012 0.014218
 0.130828 0.019087 0.006342 0.000068 0.023690 0.018985 0.009489 0.000040 0.033169 0.081613 0.009482 0.011063 0.004794 0.014239 0.004787 0.145879 0.452485 0.029192 0.004743 0.000026
 0.000068 0.000024 0.004774 0.000068 0.000036 0.975442 0.000028 0.000040 0.000054 0.000097 0.000020 0.000034 0.000064 0.018969 0.000056 0.000082 0.000051 0.000056 0.000012 0.000026
 0.009529 0.000024 0.004774 0.000068 0.000036 0.004793 0.000028 0.004771 0.926559 0.004828 0.000020 0.000034 0.000064 0.023700 0.000056 0.000082 0.020541 0.000056 0.000012 0.000026
 0.000068 0.000024 0.000044 0.004798 0.000036 0.000062 0.000028 0.014232 0.023708 0.000097 0.000020 0.000034 0.000064 0.000046 0.000056 0.058587 0.888541 0.000056 0.004743 0.004757
 0.074491 0.044168 0.009505 0.081953 0.048911 0.018985 0.015788 0.075731 0.004785 0.044043 0.020510 0.004765 0.042640 0.003965 0.030008 0.118323 0.155482 0.101834 0.000012 0.104102

MOTIF 6-HRDLAARN STREME-6
letter-probability matrix: alength= 20 w= 8 nsites= 65 E= 3.0e-001
 0.000259 0.000091 0.000167 0.000259 0.000139 0.000239 0.996408 0.000152 0.000207 0.000370 0.000077 0.000130 0.000243 0.000177 0.000214 0.000313 0.000194 0.000213 0.000047 0.000100
 0.000259 0.000091 0.000167 0.000259 0.000139 0.000239 0.000107 0.000152 0.036379 0.000370 0.000077 0.000130 0.000243 0.000177 0.942258 0.018399 0.000194 0.000213 0.000047 0.000100
 0.000259 0.000091 0.960297 0.000259 0.000139 0.018325 0.000107 0.000152 0.000207 0.000370 0.000077 0.018216 0.000243 0.000177 0.000214 0.000313 0.000194 0.000213 0.000047 0.000100
 0.000259 0.000091 0.000167 0.000259 0.018224 0.000239 0.000107 0.108667 0.000207 0.761557 0.018163 0.000130 0.000243 0.000177 0.000214 0.000313 0.018280 0.054470 0.018133 0.000100
 0.598674 0.018177 0.000167 0.018344 0.018224 0.000239 0.000107 0.000152 0.217236 0.018456 0.000077 0.018216 0.000243 0.000177 0.090643 0.000313 0.000194 0.000213 0.000047 0.000100
 0.863968 0.000091 0.000167 0.000259 0.000139 0.000239 0.000107 0.018238 0.018293 0.000370 0.000077 0.000130 0.000243 0.000177 0.000214 0.054571 0.024272 0.018299 0.000047 0.000100
 0.126859 0.000091 0.000167 0.036430 0.000139 0.108753 0.000107 0.000152 0.000207 0.018456 0.000077 0.000130 0.000243 0.000177 0.707143 0.000313 0.000194 0.000213 0.000047 0.000100
 0.000259 0.000091 0.000167 0.000259 0.000139 0.000239 0.018192 0.000152 0.000207 0.000370 0.000077 0.978346 0.000243 0.000177 0.000214 0.000313 0.000194 0.000213 0.000047 0.000100

MOTIF 7-KATGAE STREME-7
letter-probability matrix: alength= 20 w= 6 nsites= 130 E= 4.4e-001
 0.000121 0.000042 0.000078 0.000121 0.000065 0.000112 0.000050 0.000071 0.998370 0.000173 0.000036 0.000061 0.000113 0.000083 0.000100 0.000146 0.000091 0.000100 0.000022 0.000047
 0.391704 0.000042 0.000078 0.000121 0.000065 0.032447 0.050728 0.000071 0.000097 0.160654 0.000036 0.042293 0.033899 0.042315 0.219706 0.000146 0.000091 0.025439 0.000022 0.000047
 0.000121 0.000042 0.000078 0.000121 0.000065 0.000112 0.000050 0.000071 0.000097 0.000173 0.000036 0.000061 0.000113 0.000083 0.000100 0.000146 0.998363 0.000100 0.000022 0.000047
 0.169049 0.000042 0.008525 0.059245 0.000065 0.435024 0.000050 0.000071 0.050775 0.017066 0.000036 0.101417 0.000113 0.042315 0.000100 0.000146 0.036675 0.053878 0.000022 0.025386
 0.557583 0.016935 0.115479 0.000121 0.000065 0.000112 0.000050 0.050749 0.133789 0.000173 0.008482 0.033846 0.000113 0.000083 0.045130 0.017039 0.000091 0.000100 0.000022 0.020039
 0.008567 0.000042 0.000078 0.635199 0.000065 0.025451 0.000050 0.084535 0.000097 0.000173 0.000036 0.008507 0.076131 0.008529 0.000100 0.017039 0.050769 0.076117 0.008468 0.000047

MOTIF 8-JWDTAGQE STREME-8
letter-probability matrix: alength= 20 w= 8 nsites= 144 E= 1.0e+000
 0.000112 0.000039 0.000072 0.000112 0.000060 0.000103 0.000046 0.460169 0.000089 0.343502 0.000033 0.007854 0.000105 0.015673 0.000092 0.039127 0.000084 0.132664 0.000020 0.000043
 0.000112 0.007838 0.000072 0.000112 0.000060 0.000103 0.000046 0.022122 0.000089 0.288699 0.000033 0.000056 0.000105 0.000076 0.000092 0.015732 0.007882 0.156059 0.485073 0.015640
 0.000112 0.000039 0.967284 0.000112 0.000060 0.015700 0.000046 0.000066 0.000089 0.000160 0.000033 0.000056 0.000105 0.000076 0.000092 0.000135 0.000084 0.015689 0.000020 0.000043
 0.023507 0.000039 0.000072 0.000112 0.007858 0.000103 0.000046 0.101444 0.000089 0.232772 0.000033 0.023451 0.000105 0.000076 0.000092 0.031329 0.563119 0.015689 0.000020 0.000043
 0.881542 0.007838 0.000072 0.000112 0.000060 0.000103 0.000046 0.000066 0.015686 0.000160 0.054622 0.000056 0.000105 0.007875 0.000092 0.023530 0.007882 0.000092 0.000020 0.000043
 0.000112 0.000039 0.031266 0.000112 0.015657 0.795751 0.000046 0.000066 0.023485 0.007958 0.000033 0.007854 0.000105 0.007875 0.000092 0.039127 0.000084 0.070277 0.000020 0.000043
 0.023507 0.000039 0.000072 0.000112 0.078043 0.046893 0.007844 0.000066 0.000089 0.015756 0.000033 0.046846 0.015701 0.469532 0.015689 0.209352 0.062471 0.007890 0.000020 0.000043
 0.000112 0.000039 0.007871 0.850348 0.000060 0.000103 0.000046 0.007864 0.000089 0.015756 0.000033 0.000056 0.007903 0.039068 0.015689 0.000135 0.039076 0.000092 0.000020 0.015640

MOTIF 9-EIATYRKL STREME-9
letter-probability matrix: alength= 20 w= 8 nsites= 86 E= 6.1e+000
 0.000185 0.025828 0.025883 0.817206 0.025862 0.000170 0.000076 0.000108 0.025911 0.000264 0.012936 0.000092 0.000173 0.000126 0.000152 0.000223 0.038783 0.025915 0.000034 0.000071
 0.000185 0.000065 0.000119 0.038829 0.000099 0.000170 0.000076 0.894420 0.000148 0.000264 0.000055 0.000092 0.000173 0.000126 0.000152 0.000223 0.013020 0.051679 0.000034 0.000071
 0.695798 0.038710 0.000119 0.064593 0.000099 0.000170 0.000076 0.025872 0.013029 0.038909 0.000055 0.069974 0.000173 0.013008 0.000152 0.025987 0.000138 0.013034 0.000034 0.000071
 0.064593 0.000065 0.000119 0.025948 0.064507 0.000170 0.000076 0.000108 0.090320 0.000264 0.000055 0.000092 0.000173 0.000126 0.000152 0.000223 0.739869 0.013034 0.000034 0.000071
 0.000185 0.000065 0.000119 0.000184 0.000099 0.000170 0.000076 0.000108 0.000148 0.000264 0.000055 0.000092 0.000173 0.000126 0.000152 0.000223 0.000138 0.051679 0.000034 0.945910
 0.000185 0.025828 0.013001 0.025948 0.025862 0.038815 0.012958 0.000108 0.013029 0.013145 0.051582 0.000092 0.013055 0.013008 0.714120 0.013105 0.013020 0.000152 0.012915 0.000071
 0.000185 0.000065 0.000119 0.038829 0.000099 0.038815 0.012958 0.000108 0.476771 0.000264 0.025818 0.064501 0.000173 0.013008 0.206260 0.070105 0.038783 0.013034 0.000034 0.000071
 0.000185 0.012947 0.013001 0.051711 0.000099 0.025934 0.025839 0.000108 0.013029 0.675586 0.025818 0.000092 0.000173 0.000126 0.013034 0.064632 0.064547 0.013034 0.000034 0.000071

MOTIF 10-EVIRN STREME-10
letter-probability matrix: alength= 20 w= 5 nsites= 143 E= 8.2e+000
 0.021940 0.006065 0.008388 0.842849 0.006085 0.014653 0.014600 0.007340 0.002755 0.006178 0.002443 0.014609 0.014655 0.005271 0.007365 0.002746 0.014635 0.000086 0.007298 0.000040
 0.002776 0.000037 0.029182 0.003156 0.002676 0.007375 0.000043 0.015259 0.012001 0.005348 0.010402 0.021888 0.007376 0.029186 0.014643 0.006155 0.007358 0.817803 0.000019 0.007319
 0.025912 0.000037 0.007346 0.014661 0.007334 0.000096 0.000043 0.897079 0.002495 0.001346 0.000031 0.000052 0.002509 0.000071 0.002498 0.029240 0.000078 0.001833 0.007298 0.000040
 0.014661 0.002448 0.014624 0.015302 0.000056 0.021932 0.002455 0.036454 0.020277 0.002820 0.000031 0.002464 0.010469 0.043743 0.773605 0.020320 0.002749 0.014643 0.000019 0.000927
 0.043287 0.000037 0.015265 0.005420 0.000056 0.007375 0.021879 0.014618 0.020456 0.022611 0.014588 0.671420 0.021933 0.036464 0.036479 0.014683 0.009612 0.021921 0.000019 0.021876

********************************************************************************
Stopped because STREME would probably exceed the allowed time (14400.00 secs) before
finding the next motif.
********************************************************************************
COMMAND:	streme --verbosity 1 --oc . --protein --totallength 4000000 --time 14400 --minw 3 --maxw 20 --thresh 0.05 --align center --dfile description --p EV_positive.FASTA --n EV_negative.FASTA
********************************************************************************
CPU:		noble-meme.grid.gs.washington.edu
********************************************************************************
FINALTIME:	13004.57 seconds
********************************************************************************
