********************************************************************************
STREME - Sensitive, Thorough, Rapid, Enriched Motif Elicitation
********************************************************************************
MEME version 5.4.1 (Release date: Sat Aug 21 19:23:23 2021 -0700)

For further information on how to interpret these results please access https://meme-suite.org/meme.
To get a copy of the MEME Suite software please access https://meme-suite.org.

********************************************************************************


********************************************************************************
REFERENCE
********************************************************************************
If you use this program in your research, please cite:

Timothy L. Bailey,
"STREME: accurate and versatile sequence motif discovery",
Bioinformatics, Mar. 24, 2021.
********************************************************************************


ALPHABET= ACDEFGHIKLMNPQRSTVWY

strands: +

Background letter frequencies
A 0.07 C 0.0233 D 0.047 E 0.0715 F 0.0359 G 0.066 H 0.027 I 0.0418 K 0.0573 L 0.0988 M 0.0208 N 0.0357 P 0.0655 Q 0.0479 R 0.0573 S 0.0853 T 0.0527 V 0.0582 W 0.012 Y 0.026 

MOTIF 1-EIATY STREME-1
letter-probability matrix: alength= 20 w= 5 nsites= 77 E= 1.1e-002
 0.000092 0.000030 0.014979 0.916070 0.000047 0.000086 0.014953 0.000055 0.000075 0.000129 0.000027 0.044800 0.000086 0.000063 0.008200 0.000112 0.000069 0.000076 0.000016 0.000034
 0.000092 0.000030 0.000062 0.000094 0.000047 0.003236 0.000035 0.871281 0.000075 0.018723 0.014945 0.000047 0.029921 0.000063 0.014993 0.012652 0.000069 0.018669 0.000016 0.014952
 0.800810 0.000030 0.000062 0.042564 0.000047 0.008212 0.000035 0.014972 0.000075 0.005071 0.014945 0.006263 0.015003 0.008814 0.008200 0.015030 0.000069 0.044830 0.000016 0.014952
 0.005034 0.014948 0.014979 0.000094 0.004989 0.000086 0.000035 0.000055 0.012615 0.000129 0.000027 0.008172 0.000086 0.000063 0.000075 0.000112 0.938375 0.000076 0.000016 0.000034
 0.015009 0.014948 0.000062 0.000094 0.000047 0.030282 0.000035 0.029890 0.044227 0.004589 0.014945 0.029882 0.008211 0.018656 0.030271 0.000112 0.003218 0.005018 0.014934 0.735569

MOTIF 2-VGNKKD STREME-2
letter-probability matrix: alength= 20 w= 6 nsites= 151 E= 1.7e-002
 0.025048 0.022176 0.000026 0.009697 0.068796 0.000036 0.000015 0.037537 0.000031 0.101764 0.025021 0.000020 0.000036 0.000026 0.000031 0.028462 0.000029 0.656217 0.012511 0.012519
 0.038873 0.000013 0.000026 0.000039 0.009678 0.530229 0.000015 0.012528 0.025600 0.148002 0.000011 0.009678 0.000036 0.012531 0.025041 0.000047 0.075058 0.100071 0.000007 0.012519
 0.018796 0.000013 0.012531 0.006292 0.006272 0.000036 0.006267 0.039078 0.000031 0.095160 0.000011 0.761866 0.000036 0.006279 0.000031 0.000047 0.022192 0.006284 0.006259 0.012519
 0.018796 0.000013 0.000026 0.006292 0.000020 0.022199 0.000015 0.000023 0.839208 0.022217 0.000011 0.012524 0.012541 0.000026 0.012536 0.000047 0.000029 0.037546 0.006259 0.009672
 0.062563 0.106121 0.012531 0.012544 0.050039 0.000036 0.000015 0.028424 0.501886 0.012559 0.006264 0.025029 0.012541 0.000026 0.012536 0.044941 0.048047 0.045120 0.018764 0.000014
 0.000038 0.000013 0.886864 0.013390 0.012525 0.000036 0.006267 0.000023 0.018789 0.000054 0.000011 0.002091 0.012541 0.006279 0.022194 0.000047 0.006281 0.006284 0.000007 0.006267

MOTIF 3-EIVRDI STREME-3
letter-probability matrix: alength= 20 w= 6 nsites= 119 E= 1.4e-001
 0.045759 0.007634 0.038125 0.435671 0.048261 0.038138 0.000018 0.034653 0.091463 0.030541 0.015251 0.000024 0.000044 0.004182 0.038132 0.042301 0.030510 0.061173 0.015246 0.022874
 0.000047 0.000016 0.007650 0.000048 0.000024 0.000044 0.007637 0.889713 0.007657 0.015304 0.000014 0.000024 0.000044 0.007651 0.000038 0.000057 0.048732 0.007658 0.007627 0.000017
 0.022903 0.015253 0.000031 0.010191 0.000024 0.004194 0.094151 0.022884 0.011807 0.045779 0.053345 0.015261 0.000044 0.007651 0.015276 0.000057 0.015273 0.650613 0.000008 0.015255
 0.015284 0.000016 0.060982 0.086838 0.000024 0.000044 0.000018 0.030503 0.063512 0.022922 0.007633 0.000024 0.045756 0.049894 0.528436 0.015295 0.038129 0.000039 0.011777 0.022874
 0.060997 0.030491 0.663456 0.000048 0.000024 0.007663 0.007637 0.015265 0.027044 0.007685 0.030489 0.022880 0.000044 0.042276 0.015276 0.015295 0.045748 0.000039 0.000008 0.007636
 0.000047 0.007634 0.000031 0.000048 0.007643 0.000044 0.000018 0.946028 0.000038 0.000066 0.000014 0.000024 0.000044 0.000032 0.000038 0.038151 0.000035 0.000039 0.000008 0.000017

MOTIF 4-ALYD STREME-4
letter-probability matrix: alength= 20 w= 4 nsites= 152 E= 1.6e-001
 0.998222 0.000044 0.000090 0.000137 0.000069 0.000126 0.000052 0.000080 0.000109 0.000189 0.000040 0.000068 0.000125 0.000092 0.000110 0.000163 0.000101 0.000111 0.000023 0.000050
 0.025756 0.002502 0.144647 0.013976 0.006801 0.070174 0.029955 0.050409 0.039887 0.262908 0.034975 0.050605 0.017436 0.095105 0.002670 0.009130 0.085110 0.029419 0.000023 0.028511
 0.000134 0.000044 0.000090 0.000137 0.000069 0.000126 0.000052 0.000080 0.000109 0.000189 0.000040 0.000068 0.000125 0.000092 0.000110 0.000163 0.000101 0.000111 0.000023 0.998138
 0.000134 0.000044 0.998178 0.000137 0.000069 0.000126 0.000052 0.000080 0.000109 0.000189 0.000040 0.000068 0.000125 0.000092 0.000110 0.000163 0.000101 0.000111 0.000023 0.000050

MOTIF 5-RKLLEGEESRMS STREME-5
letter-probability matrix: alength= 20 w= 12 nsites= 49 E= 2.0e-001
 0.000129 0.000043 0.000087 0.042120 0.000066 0.000122 0.000050 0.042065 0.021100 0.000182 0.000038 0.000066 0.000121 0.000088 0.851304 0.000157 0.000097 0.021101 0.000022 0.021042
 0.000129 0.000043 0.000087 0.000132 0.000066 0.000122 0.000050 0.000077 0.641363 0.042170 0.000038 0.000066 0.021115 0.021082 0.147064 0.063140 0.042085 0.021101 0.000022 0.000048
 0.021123 0.000043 0.021081 0.021126 0.000066 0.000122 0.000050 0.021071 0.042094 0.830387 0.000038 0.000066 0.000121 0.000088 0.021100 0.000157 0.000097 0.000107 0.021016 0.000048
 0.000129 0.000043 0.000087 0.000132 0.000066 0.000122 0.000050 0.021071 0.126070 0.704422 0.021032 0.000066 0.021115 0.042077 0.042094 0.021151 0.000097 0.000107 0.000022 0.000048
 0.000129 0.000043 0.000087 0.914313 0.000066 0.000122 0.000050 0.000077 0.000106 0.042170 0.000038 0.000066 0.021115 0.000088 0.000106 0.000157 0.021091 0.000107 0.000022 0.000048
 0.105099 0.000043 0.000087 0.063114 0.021060 0.662373 0.000050 0.000077 0.021100 0.021176 0.000038 0.000066 0.000121 0.021082 0.021100 0.042145 0.000097 0.000107 0.021016 0.000048
 0.000129 0.000043 0.021081 0.725366 0.021060 0.000122 0.000050 0.000077 0.000106 0.063164 0.021032 0.042054 0.000121 0.042077 0.000106 0.021151 0.000097 0.000107 0.021016 0.021042
 0.000129 0.000043 0.105057 0.725366 0.000066 0.000122 0.000050 0.000077 0.021100 0.063164 0.021032 0.021060 0.000121 0.000088 0.021100 0.000157 0.021091 0.000107 0.000022 0.000048
 0.105099 0.188990 0.000087 0.063114 0.000066 0.000122 0.000050 0.000077 0.063088 0.000182 0.042027 0.021060 0.000121 0.042077 0.063088 0.252086 0.011532 0.021101 0.000022 0.126013
 0.021123 0.000043 0.000087 0.021126 0.000066 0.000122 0.084026 0.021071 0.063088 0.000182 0.000038 0.021060 0.021115 0.000088 0.725340 0.000157 0.021091 0.000107 0.000022 0.000048
 0.021123 0.000043 0.000087 0.000132 0.011501 0.000122 0.000050 0.126042 0.000106 0.252111 0.482903 0.000066 0.000121 0.000088 0.042094 0.000157 0.000097 0.042095 0.000022 0.021042
 0.084105 0.021037 0.000087 0.042120 0.000066 0.021116 0.042038 0.042065 0.084082 0.021176 0.000038 0.063048 0.000121 0.000088 0.000106 0.536445 0.042085 0.000107 0.000022 0.000048

MOTIF 6-YQELMSVKLALD STREME-6
letter-probability matrix: alength= 20 w= 12 nsites= 21 E= 2.0e-001
 0.006363 0.002115 0.004276 0.006501 0.003264 0.005998 0.002458 0.003796 0.005205 0.008978 0.001892 0.003245 0.005951 0.004359 0.005208 0.007759 0.004794 0.005287 0.001094 0.911457
 0.006363 0.002115 0.004276 0.006501 0.003264 0.005998 0.002458 0.003796 0.005205 0.008978 0.001892 0.003245 0.005951 0.913450 0.005208 0.007759 0.004794 0.005287 0.001094 0.002366
 0.006363 0.002115 0.004276 0.915592 0.003264 0.005998 0.002458 0.003796 0.005205 0.008978 0.001892 0.003245 0.005951 0.004359 0.005208 0.007759 0.004794 0.005287 0.001094 0.002366
 0.006363 0.002115 0.004276 0.006501 0.003264 0.005998 0.002458 0.003796 0.005205 0.918069 0.001892 0.003245 0.005951 0.004359 0.005208 0.007759 0.004794 0.005287 0.001094 0.002366
 0.006363 0.002115 0.004276 0.006501 0.003264 0.005998 0.002458 0.003796 0.005205 0.008978 0.910983 0.003245 0.005951 0.004359 0.005208 0.007759 0.004794 0.005287 0.001094 0.002366
 0.006363 0.002115 0.004276 0.006501 0.003264 0.005998 0.002458 0.003796 0.005205 0.008978 0.001892 0.003245 0.005951 0.004359 0.005208 0.916850 0.004794 0.005287 0.001094 0.002366
 0.006363 0.002115 0.004276 0.006501 0.003264 0.005998 0.002458 0.003796 0.005205 0.008978 0.001892 0.003245 0.005951 0.004359 0.005208 0.007759 0.004794 0.914378 0.001094 0.002366
 0.006363 0.002115 0.004276 0.006501 0.003264 0.005998 0.002458 0.003796 0.914296 0.008978 0.001892 0.003245 0.005951 0.004359 0.005208 0.007759 0.004794 0.005287 0.001094 0.002366
 0.006363 0.002115 0.004276 0.006501 0.003264 0.005998 0.002458 0.003796 0.005205 0.918069 0.001892 0.003245 0.005951 0.004359 0.005208 0.007759 0.004794 0.005287 0.001094 0.002366
 0.915454 0.002115 0.004276 0.006501 0.003264 0.005998 0.002458 0.003796 0.005205 0.008978 0.001892 0.003245 0.005951 0.004359 0.005208 0.007759 0.004794 0.005287 0.001094 0.002366
 0.006363 0.002115 0.004276 0.006501 0.003264 0.005998 0.002458 0.003796 0.005205 0.918069 0.001892 0.003245 0.005951 0.004359 0.005208 0.007759 0.004794 0.005287 0.001094 0.002366
 0.006363 0.002115 0.913367 0.006501 0.003264 0.005998 0.002458 0.003796 0.005205 0.008978 0.001892 0.003245 0.005951 0.004359 0.005208 0.007759 0.004794 0.005287 0.001094 0.002366

MOTIF 7-GVGKT STREME-7
letter-probability matrix: alength= 20 w= 5 nsites= 181 E= 3.1e-001
 0.033842 0.007206 0.001872 0.005575 0.002824 0.848307 0.000031 0.000048 0.013248 0.001318 0.013205 0.021725 0.000076 0.000055 0.000066 0.030068 0.000061 0.007247 0.013195 0.000030
 0.024457 0.025416 0.000054 0.000083 0.000042 0.014254 0.000031 0.004415 0.007798 0.014343 0.004391 0.000041 0.007808 0.039599 0.039610 0.026025 0.042744 0.748844 0.000014 0.000030
 0.019260 0.000027 0.000054 0.004450 0.000042 0.885497 0.000031 0.005541 0.000066 0.007846 0.013205 0.000041 0.026757 0.000055 0.007246 0.016528 0.013242 0.000067 0.000014 0.000030
 0.001898 0.000027 0.001259 0.007815 0.000042 0.013355 0.000031 0.016477 0.869667 0.007846 0.016453 0.000041 0.013257 0.000055 0.024461 0.011179 0.000061 0.002850 0.000014 0.013211
 0.001898 0.000027 0.000054 0.000083 0.013223 0.009528 0.000031 0.007228 0.000066 0.037641 0.000024 0.000041 0.001893 0.000055 0.000066 0.218339 0.702510 0.007247 0.000014 0.000030

MOTIF 8-DLDSIIAEVKAQY STREME-8
letter-probability matrix: alength= 20 w= 13 nsites= 81 E= 3.4e-001
 0.000076 0.000025 0.738522 0.062088 0.000039 0.000072 0.000029 0.024849 0.000062 0.024911 0.000023 0.037245 0.000071 0.012454 0.037268 0.000093 0.024861 0.000063 0.012415 0.024832
 0.049684 0.000025 0.012453 0.086892 0.024843 0.000072 0.012431 0.012447 0.000062 0.607803 0.019180 0.000039 0.012473 0.000052 0.037268 0.024897 0.000057 0.099279 0.000013 0.000028
 0.000076 0.000025 0.322502 0.024882 0.024843 0.024876 0.000029 0.000045 0.124082 0.118480 0.000023 0.000039 0.037277 0.049660 0.000062 0.062103 0.186087 0.024867 0.000013 0.000028
 0.024880 0.000025 0.136473 0.000078 0.000039 0.062082 0.000029 0.000045 0.093631 0.086921 0.024827 0.024843 0.000071 0.000052 0.136484 0.347348 0.037263 0.024867 0.000013 0.000028
 0.049684 0.012427 0.000051 0.012480 0.000039 0.000072 0.000029 0.589692 0.000062 0.062117 0.000023 0.000039 0.000071 0.062062 0.062072 0.037299 0.000057 0.049671 0.012415 0.049636
 0.000076 0.000025 0.000051 0.062088 0.000039 0.000072 0.012431 0.545732 0.024866 0.210941 0.000023 0.000039 0.000071 0.012454 0.106033 0.000093 0.000057 0.024867 0.000013 0.000028
 0.396939 0.024829 0.049659 0.000078 0.000039 0.024876 0.012431 0.000045 0.000062 0.074519 0.000023 0.099254 0.049679 0.074464 0.062072 0.019250 0.111675 0.000063 0.000013 0.000028
 0.024880 0.000025 0.111669 0.676538 0.012441 0.000072 0.000029 0.000045 0.062072 0.012509 0.012425 0.000039 0.000071 0.000052 0.000062 0.000093 0.000057 0.000063 0.037219 0.049636
 0.000076 0.000025 0.000051 0.000078 0.068804 0.024876 0.000029 0.099261 0.000062 0.099323 0.111640 0.000039 0.000071 0.000052 0.012464 0.000093 0.012459 0.533347 0.000013 0.037234
 0.086890 0.000025 0.000051 0.124097 0.000039 0.000072 0.000029 0.037251 0.304464 0.049715 0.000023 0.000039 0.000071 0.074464 0.235700 0.012495 0.024861 0.049671 0.000013 0.000028
 0.446547 0.000025 0.049659 0.074490 0.000039 0.049680 0.000029 0.099261 0.024866 0.000107 0.012425 0.012441 0.012473 0.000052 0.106033 0.037299 0.062067 0.012465 0.000013 0.000028
 0.012478 0.000025 0.012453 0.000078 0.037245 0.012474 0.049637 0.086859 0.056425 0.012509 0.037229 0.012441 0.000071 0.558140 0.037268 0.000093 0.000057 0.012465 0.000013 0.062038
 0.000076 0.000025 0.012453 0.000078 0.000039 0.000072 0.000029 0.074457 0.099278 0.024911 0.000023 0.037245 0.000071 0.000052 0.000062 0.000093 0.012459 0.049671 0.000013 0.688891

MOTIF 9-FASFIDKV STREME-9
letter-probability matrix: alength= 20 w= 8 nsites= 101 E= 3.5e-001
 0.032508 0.000022 0.000045 0.010882 0.681314 0.000063 0.021654 0.000040 0.000054 0.138952 0.000020 0.016738 0.010876 0.000046 0.032496 0.010895 0.021678 0.010869 0.000011 0.010839
 0.696326 0.000022 0.010859 0.075766 0.000034 0.054132 0.000026 0.021668 0.021682 0.000094 0.000020 0.010848 0.000062 0.054115 0.000054 0.000081 0.032492 0.021683 0.000011 0.000025
 0.043322 0.000022 0.010859 0.000068 0.000034 0.054132 0.000026 0.000040 0.010868 0.010908 0.021648 0.064918 0.000062 0.010859 0.000054 0.728783 0.021678 0.021683 0.000011 0.000025
 0.000066 0.000022 0.010859 0.032510 0.568250 0.000063 0.000026 0.032482 0.000054 0.064978 0.010834 0.043290 0.000062 0.000046 0.010868 0.000081 0.032492 0.021683 0.000011 0.171324
 0.010880 0.000022 0.000045 0.010882 0.021662 0.000063 0.000026 0.643953 0.010868 0.128138 0.000020 0.000034 0.054132 0.021673 0.010868 0.000081 0.000050 0.086567 0.000011 0.000025
 0.043322 0.000022 0.676400 0.095670 0.000034 0.000063 0.021654 0.010854 0.000054 0.000094 0.010834 0.010848 0.010876 0.021673 0.032496 0.021709 0.010864 0.010869 0.010825 0.010839
 0.000066 0.000022 0.021673 0.000068 0.054104 0.016767 0.000026 0.000040 0.744494 0.000094 0.000020 0.000034 0.021690 0.043301 0.021682 0.021709 0.000050 0.010869 0.000011 0.043281
 0.021694 0.000022 0.021673 0.010882 0.000034 0.000063 0.000026 0.000040 0.000054 0.043350 0.064904 0.021662 0.000062 0.010859 0.010868 0.000081 0.043306 0.712053 0.010825 0.027543

MOTIF 10-DAEQRGE STREME-10
letter-probability matrix: alength= 20 w= 7 nsites= 20 E= 5.9e-001
 0.006363 0.002115 0.913367 0.006501 0.003264 0.005998 0.002458 0.003796 0.005205 0.008978 0.001892 0.003245 0.005951 0.004359 0.005208 0.007759 0.004794 0.005287 0.001094 0.002366
 0.915454 0.002115 0.004276 0.006501 0.003264 0.005998 0.002458 0.003796 0.005205 0.008978 0.001892 0.003245 0.005951 0.004359 0.005208 0.007759 0.004794 0.005287 0.001094 0.002366
 0.006363 0.002115 0.004276 0.915592 0.003264 0.005998 0.002458 0.003796 0.005205 0.008978 0.001892 0.003245 0.005951 0.004359 0.005208 0.007759 0.004794 0.005287 0.001094 0.002366
 0.006363 0.002115 0.004276 0.006501 0.003264 0.005998 0.002458 0.003796 0.005205 0.008978 0.001892 0.003245 0.005951 0.913450 0.005208 0.007759 0.004794 0.005287 0.001094 0.002366
 0.006363 0.002115 0.004276 0.006501 0.003264 0.005998 0.002458 0.003796 0.005205 0.008978 0.001892 0.003245 0.005951 0.004359 0.914299 0.007759 0.004794 0.005287 0.001094 0.002366
 0.006363 0.002115 0.004276 0.006501 0.003264 0.915089 0.002458 0.003796 0.005205 0.008978 0.001892 0.003245 0.005951 0.004359 0.005208 0.007759 0.004794 0.005287 0.001094 0.002366
 0.006363 0.002115 0.004276 0.915592 0.003264 0.005998 0.002458 0.003796 0.005205 0.008978 0.001892 0.003245 0.005951 0.004359 0.005208 0.007759 0.004794 0.005287 0.001094 0.002366

MOTIF 11-DTSVVLSM STREME-11
letter-probability matrix: alength= 20 w= 8 nsites= 20 E= 5.9e-001
 0.000382 0.000127 0.870483 0.062549 0.000196 0.000360 0.000148 0.000228 0.000312 0.000539 0.000114 0.062354 0.000357 0.000262 0.000313 0.000466 0.000288 0.000317 0.000066 0.000142
 0.000382 0.000127 0.000257 0.000390 0.000196 0.000360 0.000148 0.000228 0.000312 0.000539 0.062273 0.000195 0.000357 0.000262 0.000313 0.000466 0.932673 0.000317 0.000066 0.000142
 0.000382 0.000127 0.000257 0.000390 0.000196 0.000360 0.000148 0.000228 0.000312 0.000539 0.000114 0.186672 0.000357 0.124580 0.000313 0.684215 0.000288 0.000317 0.000066 0.000142
 0.000382 0.000127 0.000257 0.000390 0.000196 0.000360 0.000148 0.062387 0.000312 0.000539 0.000114 0.000195 0.000357 0.000262 0.000313 0.000466 0.000288 0.932703 0.000066 0.000142
 0.000382 0.000127 0.000257 0.000390 0.000196 0.000360 0.000148 0.311023 0.000312 0.000539 0.000114 0.000195 0.000357 0.000262 0.000313 0.000466 0.000288 0.684067 0.000066 0.000142
 0.000382 0.000127 0.000257 0.000390 0.000196 0.000360 0.000148 0.000228 0.000312 0.995083 0.000114 0.000195 0.000357 0.000262 0.000313 0.000466 0.000288 0.000317 0.000066 0.000142
 0.124700 0.000127 0.000257 0.000390 0.000196 0.000360 0.000148 0.000228 0.000312 0.000539 0.000114 0.000195 0.000357 0.000262 0.000313 0.870692 0.000288 0.000317 0.000066 0.000142
 0.000382 0.000127 0.000257 0.000390 0.000196 0.000360 0.000148 0.000228 0.000312 0.000539 0.994658 0.000195 0.000357 0.000262 0.000313 0.000466 0.000288 0.000317 0.000066 0.000142

MOTIF 12-RFLEQQNKV STREME-12
letter-probability matrix: alength= 20 w= 9 nsites= 26 E= 5.9e-001
 0.000275 0.000091 0.000185 0.000281 0.000141 0.000259 0.000106 0.044939 0.000225 0.000388 0.000082 0.000140 0.000257 0.000188 0.951521 0.000335 0.000207 0.000229 0.000047 0.000102
 0.000275 0.000091 0.000185 0.000281 0.951437 0.000259 0.000106 0.000164 0.000225 0.045163 0.000082 0.000140 0.000257 0.000188 0.000225 0.000335 0.000207 0.000229 0.000047 0.000102
 0.000275 0.000091 0.000185 0.000281 0.000141 0.000259 0.000106 0.000164 0.000225 0.951684 0.000082 0.000140 0.000257 0.000188 0.000225 0.045110 0.000207 0.000229 0.000047 0.000102
 0.000275 0.000091 0.000185 0.951577 0.000141 0.000259 0.000106 0.044939 0.000225 0.000388 0.000082 0.000140 0.000257 0.000188 0.000225 0.000335 0.000207 0.000229 0.000047 0.000102
 0.000275 0.000091 0.000185 0.000281 0.000141 0.000259 0.000106 0.000164 0.000225 0.000388 0.000082 0.000140 0.000257 0.996259 0.000225 0.000335 0.000207 0.000229 0.000047 0.000102
 0.000275 0.000091 0.000185 0.000281 0.000141 0.000259 0.000106 0.000164 0.000225 0.000388 0.044856 0.000140 0.000257 0.951484 0.000225 0.000335 0.000207 0.000229 0.000047 0.000102
 0.000275 0.000091 0.000185 0.000281 0.000141 0.000259 0.000106 0.000164 0.000225 0.000388 0.000082 0.951436 0.000257 0.000188 0.045000 0.000335 0.000207 0.000229 0.000047 0.000102
 0.089824 0.000091 0.000185 0.000281 0.000141 0.000259 0.000106 0.000164 0.638099 0.000388 0.000082 0.000140 0.000257 0.268835 0.000225 0.000335 0.000207 0.000229 0.000047 0.000102
 0.179373 0.044866 0.000185 0.000281 0.000141 0.000259 0.000106 0.044939 0.000225 0.056194 0.044856 0.044915 0.000257 0.000188 0.000225 0.000335 0.000207 0.582297 0.000047 0.000102

MOTIF 13-QIWDTAGQERFRSLTPAYYR STREME-13
letter-probability matrix: alength= 20 w= 20 nsites= 58 E= 5.9e-001
 0.066672 0.000034 0.099923 0.133243 0.000052 0.066666 0.000039 0.000061 0.033368 0.033429 0.016673 0.049979 0.000096 0.482697 0.016726 0.000125 0.000077 0.000085 0.000018 0.000038
 0.000102 0.000034 0.000069 0.000104 0.000052 0.000096 0.000039 0.682396 0.000084 0.283064 0.000030 0.000052 0.000096 0.000070 0.000084 0.000125 0.000077 0.033370 0.000018 0.000038
 0.000102 0.000034 0.000069 0.000104 0.016695 0.000096 0.000039 0.000061 0.000084 0.183210 0.000030 0.000052 0.000096 0.000070 0.000084 0.000125 0.000077 0.000085 0.782207 0.016680
 0.000102 0.000034 0.998608 0.000104 0.000052 0.000096 0.000039 0.000061 0.000084 0.000144 0.000030 0.000052 0.000096 0.000070 0.000084 0.000125 0.000077 0.000085 0.000018 0.000038
 0.000102 0.000034 0.000069 0.000104 0.000052 0.000096 0.000039 0.049988 0.000084 0.000144 0.000030 0.000052 0.000096 0.000070 0.000084 0.000125 0.948689 0.000085 0.000018 0.000038
 0.965357 0.000034 0.000069 0.000104 0.000052 0.033381 0.000039 0.000061 0.000084 0.000144 0.000030 0.000052 0.000096 0.000070 0.000084 0.000125 0.000077 0.000085 0.000018 0.000038
 0.000102 0.000034 0.000069 0.000104 0.000052 0.998636 0.000039 0.000061 0.000084 0.000144 0.000030 0.000052 0.000096 0.000070 0.000084 0.000125 0.000077 0.000085 0.000018 0.000038
 0.000102 0.000034 0.000069 0.000104 0.000052 0.000096 0.000039 0.000061 0.000084 0.016787 0.000030 0.000052 0.000096 0.898755 0.000084 0.000125 0.083289 0.000085 0.000018 0.000038
 0.000102 0.000034 0.000069 0.965359 0.000052 0.000096 0.000039 0.000061 0.000084 0.000144 0.000030 0.000052 0.033380 0.000070 0.000084 0.000125 0.000077 0.000085 0.000018 0.000038
 0.000102 0.000034 0.166492 0.099958 0.000052 0.000096 0.000039 0.000061 0.016726 0.000144 0.000030 0.000052 0.000096 0.083282 0.599207 0.033409 0.000077 0.000085 0.000018 0.000038
 0.000102 0.000034 0.000069 0.000104 0.565891 0.000096 0.000039 0.000061 0.000084 0.016787 0.000030 0.000052 0.000096 0.000070 0.000084 0.000125 0.000077 0.000085 0.000018 0.416096
 0.083314 0.000034 0.166492 0.000104 0.000052 0.050023 0.083251 0.000061 0.033368 0.000144 0.000030 0.016694 0.000096 0.033355 0.449426 0.050052 0.033362 0.000085 0.000018 0.000038
 0.233095 0.000034 0.000069 0.000104 0.000052 0.016739 0.000039 0.000061 0.016726 0.000144 0.000030 0.016694 0.000096 0.000070 0.149865 0.349613 0.216427 0.000085 0.000018 0.000038
 0.000102 0.000034 0.000069 0.000104 0.000052 0.000096 0.000039 0.349550 0.000084 0.382918 0.199738 0.000052 0.000096 0.000070 0.000084 0.016767 0.000077 0.050012 0.000018 0.000038
 0.083314 0.000034 0.000069 0.000104 0.000052 0.016739 0.000039 0.033346 0.000084 0.000144 0.016673 0.000052 0.000096 0.000070 0.382857 0.000125 0.432777 0.000085 0.033302 0.000038
 0.000102 0.000034 0.183134 0.050031 0.000052 0.000096 0.000039 0.000061 0.033368 0.000144 0.000030 0.000052 0.266373 0.000070 0.099938 0.116621 0.216427 0.033370 0.000018 0.000038
 0.249737 0.000034 0.000069 0.000104 0.000052 0.016739 0.000039 0.000061 0.000084 0.233137 0.083242 0.033337 0.033380 0.099924 0.050011 0.166548 0.016719 0.016727 0.000018 0.000038
 0.000102 0.000034 0.000069 0.000104 0.083264 0.000096 0.016682 0.000061 0.000084 0.000144 0.000030 0.000052 0.000096 0.000070 0.000084 0.149906 0.000077 0.000085 0.000018 0.748943
 0.000102 0.033319 0.000069 0.000104 0.066622 0.000096 0.000039 0.083273 0.000084 0.000144 0.099884 0.000052 0.000096 0.000070 0.000084 0.000125 0.000077 0.000085 0.000018 0.715658
 0.000102 0.000034 0.000069 0.000104 0.000052 0.000096 0.000039 0.016703 0.099938 0.000144 0.000030 0.000052 0.133234 0.016712 0.715704 0.000125 0.000077 0.000085 0.000018 0.016680

MOTIF 14-ALKKA STREME-14
letter-probability matrix: alength= 20 w= 5 nsites= 184 E= 6.0e-001
 0.886190 0.000026 0.000052 0.071829 0.016073 0.025077 0.000030 0.000046 0.000063 0.000108 0.000023 0.000039 0.000072 0.000053 0.000063 0.000094 0.000058 0.000064 0.000013 0.000029
 0.000077 0.000026 0.000052 0.000078 0.000039 0.000072 0.007364 0.000046 0.000063 0.879157 0.012525 0.000039 0.000072 0.000053 0.000063 0.000094 0.000058 0.000064 0.000013 0.100047
 0.000077 0.012528 0.000052 0.000078 0.060913 0.000072 0.000030 0.022786 0.804716 0.000108 0.000023 0.000039 0.000072 0.000053 0.000063 0.036943 0.020624 0.030273 0.000013 0.010538
 0.044413 0.000026 0.173337 0.112102 0.015622 0.000072 0.000030 0.035640 0.579692 0.000108 0.013470 0.000039 0.000072 0.000053 0.000063 0.000094 0.000058 0.000064 0.000013 0.025033
 0.838470 0.000026 0.110054 0.000078 0.000039 0.000072 0.012157 0.000046 0.000063 0.000108 0.000023 0.000039 0.000072 0.024985 0.000063 0.000094 0.000058 0.000064 0.000013 0.013476

********************************************************************************
Stopped because STREME would probably exceed the allowed time (14400.00 secs) before
finding the next motif.
********************************************************************************
COMMAND:	streme --verbosity 1 --oc . --protein --totallength 4000000 --time 14400 --minw 3 --maxw 20 --thresh 0.05 --align center --dfile description --p MV_positive.FASTA --n MV_negative.FASTA
********************************************************************************
CPU:		noble-meme.grid.gs.washington.edu
********************************************************************************
FINALTIME:	13631.66 seconds
********************************************************************************
